BoneCount: 45
RootBone: 0
BoneName: RootNode
BoneImdex: 0
BoneParentIndex: -1
BoneChildCount: 2
1
44
1.000000 0.000000 -0.000000 0.000000
0.000000 1.000000 -0.000000 0.000000
-0.000000 -0.000000 1.000000 -0.000000
0.000000 0.000000 -0.000000 1.000000
1.000000 0.000000 0.000000 0.000000
0.000000 1.000000 0.000000 0.000000
0.000000 0.000000 1.000000 0.000000
0.000000 0.000000 0.000000 1.000000
BoneName: mixamorig:Hips
BoneImdex: 1
BoneParentIndex: 0
BoneChildCount: 3
2
34
39
1.000000 0.000000 -0.000000 0.000000
0.000000 0.999565 -0.029502 0.000000
-0.000000 0.029502 0.999565 -0.000000
0.000000 1.000291 0.009538 1.000000
1.000000 0.000000 0.000000 0.000000
-0.000000 0.999565 0.029502 0.000000
-0.000000 -0.029502 0.999565 -0.000000
0.000000 -0.999574 -0.039045 1.000000
BoneName: mixamorig:Spine
BoneImdex: 2
BoneParentIndex: 1
BoneChildCount: 1
3
1.000000 0.000000 -0.000000 0.000000
-0.000000 0.999690 0.024907 0.000000
0.000000 -0.024907 0.999690 -0.000000
0.000000 0.146588 0.000000 1.000000
1.000000 -0.000000 0.000000 0.000000
-0.000000 0.999989 0.004597 0.000000
-0.000000 -0.004597 0.999989 -0.000000
-0.000000 -1.146779 -0.010485 1.000000
BoneName: mixamorig:Spine1
BoneImdex: 3
BoneParentIndex: 2
BoneChildCount: 1
4
1.000000 0.000000 -0.000000 0.000000
0.000000 0.999677 -0.025407 0.000000
-0.000000 0.025407 0.999677 -0.000000
-0.000000 0.103726 0.000000 1.000000
1.000000 0.000000 0.000000 0.000000
-0.000000 0.999550 0.030003 0.000000
-0.000000 -0.030003 0.999550 -0.000000
-0.000000 -1.249835 -0.042254 1.000000
BoneName: mixamorig:Spine2
BoneImdex: 4
BoneParentIndex: 3
BoneChildCount: 3
5
10
22
1.000000 0.000000 -0.000000 0.000000
0.000000 0.999364 0.035655 0.000000
-0.000000 -0.035655 0.999364 -0.000000
-0.000000 0.100895 -0.000000 1.000000
1.000000 0.000000 0.000000 0.000000
0.000000 0.999984 -0.005655 0.000000
-0.000000 0.005655 0.999984 -0.000000
-0.000000 -1.351378 0.005934 1.000000
BoneName: mixamorig:Neck
BoneImdex: 5
BoneParentIndex: 4
BoneChildCount: 1
6
1.000000 0.000000 -0.000000 0.000000
0.000000 0.999984 -0.005655 0.000000
-0.000000 0.005655 0.999984 -0.000000
0.000000 0.266685 0.012067 1.000000
1.000000 0.000000 0.000000 0.000000
0.000000 1.000000 -0.000000 0.000000
-0.000000 0.000000 1.000000 -0.000000
-0.000000 -1.618003 -0.015284 1.000000
BoneName: mixamorig:Head
BoneImdex: 6
BoneParentIndex: 5
BoneChildCount: 3
7
8
9
1.000000 0.000000 -0.000000 0.000000
0.000000 1.000000 -0.000000 0.000000
-0.000000 -0.000000 1.000000 -0.000000
-0.000000 0.083007 -0.033392 1.000000
1.000000 0.000000 0.000000 0.000000
0.000000 1.000000 -0.000000 0.000000
-0.000000 0.000000 1.000000 -0.000000
-0.000000 -1.701010 0.018107 1.000000
BoneName: mixamorig:HeadTop_End
BoneImdex: 7
BoneParentIndex: 6
BoneChildCount: 0
1.000000 0.000000 -0.000000 0.000000
0.000000 1.000000 -0.000000 0.000000
-0.000000 -0.000000 1.000000 -0.000000
-0.000000 0.356884 -0.045115 1.000000
1.000000 0.000000 0.000000 0.000000
0.000000 1.000000 -0.000000 0.000000
-0.000000 0.000000 1.000000 -0.000000
-0.000000 -2.057893 0.063223 1.000000
BoneName: mixamorig:Reye
BoneImdex: 8
BoneParentIndex: 6
BoneChildCount: 0
1.000000 0.000000 -0.000000 0.000000
0.000000 1.000000 -0.000000 0.000000
-0.000000 -0.000000 1.000000 -0.000000
-0.052439 0.174654 -0.107967 1.000000
1.000000 0.000000 0.000000 0.000000
0.000000 1.000000 -0.000000 0.000000
-0.000000 0.000000 1.000000 -0.000000
0.052439 -1.875664 0.126074 1.000000
BoneName: mixamorig:Leye
BoneImdex: 9
BoneParentIndex: 6
BoneChildCount: 0
1.000000 0.000000 -0.000000 0.000000
0.000000 1.000000 -0.000000 0.000000
-0.000000 -0.000000 1.000000 -0.000000
0.053624 0.174654 -0.107967 1.000000
1.000000 0.000000 0.000000 0.000000
0.000000 1.000000 -0.000000 0.000000
-0.000000 0.000000 1.000000 -0.000000
-0.053624 -1.875664 0.126074 1.000000
BoneName: mixamorig:LeftShoulder
BoneImdex: 10
BoneParentIndex: 4
BoneChildCount: 1
11
-0.006693 0.009132 0.999936 0.000000
0.887381 -0.460924 0.010149 0.000000
0.460987 0.887392 -0.005019 -0.000000
0.142119 0.232274 0.012686 1.000000
-0.006693 0.887382 0.460987 0.000000
0.003477 -0.460974 0.887407 0.000000
0.999972 0.007542 0.000000 -0.000000
-0.020262 0.603761 -1.470802 1.000000
BoneName: mixamorig:LeftArm
BoneImdex: 11
BoneParentIndex: 10
BoneChildCount: 1
12
0.999972 0.007543 0.000001 0.000000
-0.006694 0.887381 0.460988 0.000000
0.003477 -0.460975 0.887406 -0.000000
-0.000000 0.119405 -0.000000 1.000000
0.000001 1.000000 -0.000001 0.000000
0.000000 0.000001 1.000000 0.000000
1.000000 -0.000001 0.000000 -0.000000
-0.016609 -0.248078 -1.528546 1.000000
BoneName: mixamorig:LeftForeArm
BoneImdex: 12
BoneParentIndex: 11
BoneChildCount: 1
13
0.999848 0.017442 -0.000122 0.000000
-0.017443 0.999823 -0.006990 0.000000
0.000000 0.006991 0.999976 -0.000000
0.000000 0.323276 -0.000000 1.000000
0.017449 0.999823 0.006990 0.000000
-0.000122 -0.006989 0.999976 0.000000
0.999848 -0.017450 0.000000 -0.000000
-0.026389 -0.560278 -1.532503 1.000000
BoneName: mixamorig:LeftHand
BoneImdex: 13
BoneParentIndex: 12
BoneChildCount: 2
14
18
1.000000 0.000000 -0.000000 0.000000
0.000000 1.000000 -0.000000 0.000000
-0.000000 -0.000000 1.000000 -0.000000
0.000002 0.318347 0.000000 1.000000
0.017446 0.999823 0.006990 0.000000
-0.000122 -0.006989 0.999976 0.000000
0.999848 -0.017447 0.000000 -0.000000
-0.026388 -0.878626 -1.532503 1.000000
BoneName: mixamorig:LeftHandThumb1
BoneImdex: 14
BoneParentIndex: 13
BoneChildCount: 1
15
0.894424 0.388858 -0.220895 0.000000
-0.447219 0.777702 -0.441786 0.000000
-0.000001 0.493932 0.869500 -0.000000
-0.074035 0.104266 -0.037020 1.000000
0.402849 0.766674 0.499923 0.000000
-0.223716 -0.447156 0.866027 0.000000
0.887504 -0.460719 -0.008619 -0.000000
-0.009244 -0.125023 -1.785805 1.000000
BoneName: mixamorig:LeftHandThumb2
BoneImdex: 15
BoneParentIndex: 14
BoneChildCount: 1
16
1.000000 0.000000 -0.000000 0.000000
0.000000 1.000000 -0.000000 0.000000
-0.000000 -0.000000 1.000000 -0.000000
-0.000000 0.050498 0.000000 1.000000
0.402849 0.766674 0.499923 0.000000
-0.223716 -0.447156 0.866027 0.000000
0.887504 -0.460719 -0.008619 -0.000000
-0.009244 -0.175521 -1.785805 1.000000
BoneName: mixamorig:LeftHandThumb3
BoneImdex: 16
BoneParentIndex: 15
BoneChildCount: 1
17
1.000000 -0.000015 -0.000003 0.000000
0.000015 1.000000 -0.000006 0.000000
0.000003 0.000006 1.000000 -0.000000
0.000000 0.057972 -0.000000 1.000000
0.402837 0.766677 0.499930 0.000000
-0.223712 -0.447165 0.866024 0.000000
0.887511 -0.460706 -0.008619 -0.000000
-0.009235 -0.233482 -1.785806 1.000000
BoneName: mixamorig:LeftHandThumb4
BoneImdex: 17
BoneParentIndex: 16
BoneChildCount: 0
0.958039 0.144930 0.247298 0.000000
-0.140331 0.989442 -0.036218 0.000000
-0.249936 -0.000005 0.968262 -0.000000
-0.000000 0.044129 0.000000 1.000000
0.620680 0.683945 0.383375 0.000000
-0.064967 -0.442415 0.894454 0.000000
0.781368 -0.580076 -0.230164 -0.000000
-0.490709 -0.208705 -1.726819 1.000000
BoneName: mixamorig:LeftHandIndex1
BoneImdex: 18
BoneParentIndex: 13
BoneChildCount: 1
19
1.000000 0.000009 0.000000 0.000000
-0.000009 0.999976 0.006996 0.000000
0.000000 -0.006996 0.999976 -0.000000
-0.000001 0.227484 0.001590 1.000000
0.017455 0.999848 -0.000005 0.000000
-0.000122 0.000007 1.000000 0.000000
0.999848 -0.017455 0.000122 -0.000000
-0.026397 -1.116816 -1.526317 1.000000
BoneName: mixamorig:LeftHandIndex2
BoneImdex: 19
BoneParentIndex: 18
BoneChildCount: 1
20
1.000000 -0.000001 -0.000000 0.000000
0.000001 1.000000 -0.000012 0.000000
0.000000 0.000012 1.000000 -0.000000
0.000000 0.051462 0.000000 1.000000
0.017454 0.999848 0.000007 0.000000
-0.000122 -0.000005 1.000000 0.000000
0.999848 -0.017454 0.000122 -0.000000
-0.026395 -1.168259 -1.526331 1.000000
BoneName: mixamorig:LeftHandIndex3
BoneImdex: 20
BoneParentIndex: 19
BoneChildCount: 1
21
1.000000 0.000018 -0.000000 0.000000
-0.000018 1.000000 0.000001 0.000000
0.000000 -0.000001 1.000000 -0.000000
0.000000 0.051074 -0.000000 1.000000
0.017472 0.999847 0.000006 0.000000
-0.000122 -0.000004 1.000000 0.000000
0.999847 -0.017472 0.000122 -0.000000
-0.026417 -1.219335 -1.526330 1.000000
BoneName: mixamorig:LeftHandIndex4
BoneImdex: 21
BoneParentIndex: 20
BoneChildCount: 0
0.999968 0.000032 0.008003 0.000000
-0.000032 1.000000 0.000003 0.000000
-0.008003 -0.000003 0.999968 -0.000000
0.000000 0.031997 -0.000000 1.000000
0.017504 0.999847 -0.000135 0.000000
0.007881 -0.000003 0.999969 0.000000
0.999816 -0.017504 -0.007880 -0.000000
-0.038672 -1.251332 -1.526068 1.000000
BoneName: mixamorig:RightShoulder
BoneImdex: 22
BoneParentIndex: 4
BoneChildCount: 1
23
-0.006693 -0.009132 -0.999936 0.000000
-0.887381 -0.460924 0.010149 0.000000
-0.460988 0.887392 -0.005019 -0.000000
-0.142119 0.232274 0.012686 1.000000
-0.006693 -0.887381 -0.460987 0.000000
-0.003477 -0.460974 0.887407 0.000000
-0.999972 0.007542 -0.000000 -0.000000
0.020262 0.603761 -1.470802 1.000000
BoneName: mixamorig:RightArm
BoneImdex: 23
BoneParentIndex: 22
BoneChildCount: 1
24
0.999972 -0.007543 -0.000000 0.000000
0.006694 0.887381 0.460988 0.000000
-0.003477 -0.460975 0.887406 -0.000000
-0.000000 0.119405 -0.000000 1.000000
0.000001 -1.000000 0.000000 0.000000
0.000000 0.000000 1.000000 0.000000
-1.000000 -0.000001 0.000000 -0.000000
0.016609 -0.248077 -1.528546 1.000000
BoneName: mixamorig:RightForeArm
BoneImdex: 24
BoneParentIndex: 23
BoneChildCount: 1
25
0.999848 -0.017447 0.000121 0.000000
0.017448 0.999824 -0.006912 0.000000
-0.000000 0.006913 0.999976 -0.000000
-0.000000 0.323276 0.000000 1.000000
0.017451 -0.999824 -0.006913 0.000000
0.000121 -0.006912 0.999976 0.000000
-0.999848 -0.017451 -0.000000 -0.000000
0.026392 -0.560397 -1.532459 1.000000
BoneName: mixamorig:RightHand
BoneImdex: 25
BoneParentIndex: 24
BoneChildCount: 2
26
30
1.000000 0.000000 -0.000000 0.000000
0.000000 1.000000 -0.000000 0.000000
-0.000000 -0.000000 1.000000 -0.000000
-0.000001 0.321689 0.000000 1.000000
0.017450 -0.999824 -0.006913 0.000000
0.000121 -0.006912 0.999976 0.000000
-0.999848 -0.017450 -0.000000 -0.000000
0.026392 -0.882086 -1.532459 1.000000
BoneName: mixamorig:RightHandThumb1
BoneImdex: 26
BoneParentIndex: 25
BoneChildCount: 1
27
0.894426 -0.388837 0.220924 0.000000
0.447216 0.777668 -0.441849 0.000000
0.000002 0.494002 0.869461 -0.000000
0.047730 0.103940 -0.037881 1.000000
0.402849 -0.766673 -0.499926 0.000000
0.223715 -0.447160 0.866025 0.000000
-0.887505 -0.460718 -0.008622 -0.000000
0.034129 -0.115966 -1.786576 1.000000
BoneName: mixamorig:RightHandThumb2
BoneImdex: 27
BoneParentIndex: 26
BoneChildCount: 1
28
1.000000 0.000000 -0.000000 0.000000
0.000000 1.000000 -0.000000 0.000000
-0.000000 -0.000000 1.000000 -0.000000
-0.000000 0.057704 0.000000 1.000000
0.402849 -0.766673 -0.499926 0.000000
0.223715 -0.447160 0.866025 0.000000
-0.887505 -0.460718 -0.008622 -0.000000
0.034129 -0.173670 -1.786576 1.000000
BoneName: mixamorig:RightHandThumb3
BoneImdex: 28
BoneParentIndex: 27
BoneChildCount: 1
29
1.000000 0.000000 -0.000000 0.000000
0.000000 1.000000 -0.000000 0.000000
-0.000000 -0.000000 1.000000 -0.000000
-0.000000 0.061464 0.000000 1.000000
0.402849 -0.766673 -0.499926 0.000000
0.223715 -0.447160 0.866025 0.000000
-0.887505 -0.460718 -0.008622 -0.000000
0.034129 -0.235135 -1.786576 1.000000
BoneName: mixamorig:RightHandThumb4
BoneImdex: 29
BoneParentIndex: 28
BoneChildCount: 0
0.957213 -0.145444 -0.250179 0.000000
0.140746 0.989366 -0.036669 0.000000
0.252852 -0.000112 0.967505 -0.000000
-0.000000 0.044129 -0.000000 1.000000
0.622191 -0.683489 -0.381734 0.000000
0.062518 -0.442674 0.894500 0.000000
-0.780365 -0.580415 -0.232697 -0.000000
0.520248 -0.205978 -1.719861 1.000000
BoneName: mixamorig:RightHandIndex1
BoneImdex: 30
BoneParentIndex: 25
BoneChildCount: 1
31
1.000000 -0.000007 -0.000000 0.000000
0.000007 0.999976 0.006910 0.000000
0.000000 -0.006910 0.999976 -0.000000
0.000001 0.211030 0.001459 1.000000
0.017457 -0.999848 -0.000004 0.000000
0.000121 -0.000002 1.000000 0.000000
-0.999848 -0.017457 0.000121 -0.000000
0.026399 -1.103689 -1.526328 1.000000
BoneName: mixamorig:RightHandIndex2
BoneImdex: 31
BoneParentIndex: 30
BoneChildCount: 1
32
1.000000 0.000000 -0.000000 0.000000
0.000000 1.000000 -0.000000 0.000000
-0.000000 -0.000000 1.000000 -0.000000
0.000000 0.057418 -0.000000 1.000000
0.017457 -0.999848 -0.000004 0.000000
0.000121 -0.000002 1.000000 0.000000
-0.999848 -0.017457 0.000121 -0.000000
0.026399 -1.161107 -1.526328 1.000000
BoneName: mixamorig:RightHandIndex3
BoneImdex: 32
BoneParentIndex: 31
BoneChildCount: 1
33
1.000000 0.000000 -0.000000 0.000000
0.000000 1.000000 -0.000000 0.000000
-0.000000 -0.000000 1.000000 -0.000000
0.000000 0.050319 0.000000 1.000000
0.017457 -0.999848 -0.000004 0.000000
0.000121 -0.000002 1.000000 0.000000
-0.999848 -0.017457 0.000121 -0.000000
0.026399 -1.211426 -1.526328 1.000000
BoneName: mixamorig:RightHandIndex4
BoneImdex: 33
BoneParentIndex: 32
BoneChildCount: 0
0.999906 0.002757 -0.013418 0.000000
-0.002755 0.999996 0.000167 0.000000
0.013419 -0.000130 0.999910 -0.000000
-0.000000 0.054054 0.000000 1.000000
0.014699 -0.999892 0.000359 0.000000
-0.013297 0.000163 0.999912 0.000000
-0.999804 -0.014703 -0.013294 -0.000000
0.043388 -1.265800 -1.525675 1.000000
BoneName: mixamorig:LeftUpLeg
BoneImdex: 34
BoneParentIndex: 1
BoneChildCount: 1
35
-0.999982 0.001203 -0.005882 0.000000
-0.000476 -0.992521 -0.122075 0.000000
-0.005985 -0.122070 0.992503 -0.000000
0.130259 -0.071098 -0.010686 1.000000
-0.999982 -0.000476 -0.005985 0.000000
0.001029 -0.995690 -0.092736 0.000000
-0.005915 -0.092740 0.995673 -0.000000
0.129307 0.925055 0.085973 1.000000
BoneName: mixamorig:LeftLeg
BoneImdex: 35
BoneParentIndex: 34
BoneChildCount: 1
36
0.999914 -0.000823 0.013109 0.000000
-0.002299 0.971661 0.236366 0.000000
-0.012932 -0.236376 0.971576 -0.000000
-0.000000 0.359040 0.000000 1.000000
-0.999974 0.000422 0.007229 0.000000
0.000633 -0.989396 0.145244 0.000000
0.007214 0.145245 0.989369 -0.000000
0.129957 0.569999 -0.051935 1.000000
BoneName: mixamorig:LeftFoot
BoneImdex: 36
BoneParentIndex: 35
BoneChildCount: 1
37
0.997027 0.074861 -0.018260 0.000000
-0.059528 0.597826 -0.799413 0.000000
-0.048929 0.798123 0.600505 -0.000000
0.000000 0.405774 -0.000000 1.000000
-0.997101 0.054000 0.053606 0.000000
-0.076089 -0.707634 -0.702470 0.000000
0.000000 -0.704513 0.709691 -0.000000
0.142813 0.131959 0.093525 1.000000
BoneName: mixamorig:LeftToeBase
BoneImdex: 37
BoneParentIndex: 36
BoneChildCount: 1
38
0.982916 0.126398 0.133790 0.000000
0.001904 0.719880 -0.694095 0.000000
-0.184046 0.682492 0.707341 -0.000000
-0.000000 0.237849 0.000000 1.000000
-0.999963 0.008575 0.000256 0.000000
-0.000000 0.029814 -0.999555 0.000000
-0.008579 -0.999519 -0.029813 -0.000000
0.141888 -0.142183 -0.002607 1.000000
BoneName: mixamorig:LeftToe_End
BoneImdex: 38
BoneParentIndex: 37
BoneChildCount: 0
1.000000 -0.000000 0.000000 0.000000
0.000000 1.000000 -0.000000 0.000000
-0.000000 -0.000000 1.000000 -0.000000
-0.000000 0.133830 0.000000 1.000000
-0.999963 0.008575 0.000256 0.000000
-0.000000 0.029814 -0.999555 0.000000
-0.008579 -0.999519 -0.029813 -0.000000
0.141888 -0.276013 -0.002607 1.000000
BoneName: mixamorig:RightUpLeg
BoneImdex: 39
BoneParentIndex: 1
BoneChildCount: 1
40
-0.999982 -0.001155 0.005882 0.000000
0.000428 -0.992521 -0.122074 0.000000
0.005979 -0.122069 0.992504 -0.000000
-0.130259 -0.071098 -0.010686 1.000000
-0.999982 0.000428 0.005979 0.000000
-0.000981 -0.995690 -0.092735 0.000000
0.005914 -0.092739 0.995673 -0.000000
-0.129351 0.925049 0.085971 1.000000
BoneName: mixamorig:RightLeg
BoneImdex: 40
BoneParentIndex: 39
BoneChildCount: 1
41
0.999919 0.000825 -0.012735 0.000000
0.002209 0.971662 0.236365 0.000000
0.012569 -0.236374 0.971581 -0.000000
0.000000 0.359040 -0.000000 1.000000
-0.999976 -0.000380 -0.006861 0.000000
-0.000621 -0.989396 0.145244 0.000000
-0.006843 0.145245 0.989372 -0.000000
-0.129969 0.570004 -0.051888 1.000000
BoneName: mixamorig:RightFoot
BoneImdex: 41
BoneParentIndex: 40
BoneChildCount: 1
42
0.997030 -0.074903 0.017892 0.000000
0.059258 0.597823 -0.799435 0.000000
0.049184 0.798121 0.600487 -0.000000
0.000000 0.405774 0.000000 1.000000
-0.997101 -0.054000 -0.053606 0.000000
0.076089 -0.707634 -0.702470 0.000000
-0.000000 -0.704513 0.709691 -0.000000
-0.142813 0.131960 0.093525 1.000000
BoneName: mixamorig:RightToeBase
BoneImdex: 42
BoneParentIndex: 41
BoneChildCount: 1
43
0.982520 -0.115323 -0.146132 0.000000
-0.018986 0.718830 -0.694927 0.000000
0.185185 0.685554 0.704075 -0.000000
0.000000 0.237849 -0.000000 1.000000
-0.999963 0.008575 0.000256 0.000000
-0.000000 0.029814 -0.999555 0.000000
-0.008579 -0.999519 -0.029813 -0.000000
-0.144307 -0.139728 -0.002533 1.000000
BoneName: mixamorig:RightToe_End
BoneImdex: 43
BoneParentIndex: 42
BoneChildCount: 0
1.000000 0.000000 -0.000000 0.000000
0.000000 1.000000 0.000000 0.000000
-0.000000 0.000000 1.000000 -0.000000
0.000000 0.133830 -0.000000 1.000000
-0.999963 0.008575 0.000256 0.000000
-0.000000 0.029814 -0.999555 0.000000
-0.008579 -0.999519 -0.029813 -0.000000
-0.144307 -0.273558 -0.002533 1.000000
BoneName: Guard02
BoneImdex: 44
BoneParentIndex: 0
BoneChildCount: 0
1.000000 0.000000 -0.000000 0.000000
0.000000 1.000000 -0.000000 0.000000
-0.000000 -0.000000 1.000000 -0.000000
0.000000 0.000000 -0.000000 1.000000
1.000000 0.000000 0.000000 0.000000
0.000000 1.000000 0.000000 0.000000
0.000000 0.000000 1.000000 0.000000
0.000000 0.000000 0.000000 1.000000
