BoneCount: 75
RootBone: 0
BoneName: RootNode
BoneImdex: 0
BoneParentIndex: -1
BoneChildCount: 8
1
68
69
70
71
72
73
74
1.000000 0.000000 -0.000000 0.000000
0.000000 1.000000 -0.000000 0.000000
-0.000000 -0.000000 1.000000 -0.000000
0.000000 0.000000 -0.000000 1.000000
1.000000 0.000000 0.000000 0.000000
0.000000 1.000000 0.000000 0.000000
0.000000 0.000000 1.000000 0.000000
0.000000 0.000000 0.000000 1.000000
BoneName: mixamorig:Hips
BoneImdex: 1
BoneParentIndex: 0
BoneChildCount: 3
2
58
63
1.000000 0.000000 -0.000000 0.000000
0.000000 1.000000 -0.000000 0.000000
-0.000000 -0.000000 1.000000 -0.000000
-0.000419 2.091508 0.014164 1.000000
1.000000 0.000000 -0.000000 0.000000
0.000000 1.000000 -0.000000 0.000000
-0.000000 -0.000000 1.000000 -0.000000
0.000419 -2.091508 -0.014164 1.000000
BoneName: mixamorig:Spine
BoneImdex: 2
BoneParentIndex: 1
BoneChildCount: 1
3
0.999934 0.011507 -0.000000 0.000000
-0.011450 0.994929 0.099927 0.000000
0.001150 -0.099921 0.994995 -0.000000
-0.001948 0.198048 0.038897 1.000000
0.999934 -0.011450 0.001150 0.000000
0.011507 0.994929 -0.099921 0.000000
-0.000000 0.099927 0.994995 -0.000000
-0.023980 -2.283274 0.175981 1.000000
BoneName: mixamorig:Spine1
BoneImdex: 3
BoneParentIndex: 2
BoneChildCount: 1
4
0.999971 -0.007545 0.000758 0.000000
0.007576 0.998340 -0.057100 0.000000
-0.000326 0.057104 0.998368 -0.000000
0.000000 0.236201 -0.000000 1.000000
0.999992 -0.003921 0.000169 0.000000
0.003924 0.999070 -0.042947 0.000000
-0.000000 0.042947 0.999077 -0.000000
-0.004835 -2.525522 0.031828 1.000000
BoneName: mixamorig:Spine2
BoneImdex: 4
BoneParentIndex: 3
BoneChildCount: 3
5
10
34
0.999750 -0.022348 0.000961 0.000000
0.022206 0.986423 -0.162718 0.000000
0.002689 0.162699 0.986672 -0.000000
-0.000000 0.278335 0.000000 1.000000
0.999830 0.018311 0.002217 0.000000
-0.018445 0.992580 0.120184 0.000000
-0.000000 -0.120204 0.992749 -0.000000
0.057856 -2.771075 -0.424793 1.000000
BoneName: mixamorig:Neck
BoneImdex: 5
BoneParentIndex: 4
BoneChildCount: 1
6
0.999597 -0.028175 -0.003412 0.000000
0.027238 0.986162 -0.163531 0.000000
0.007972 0.163372 0.986532 -0.000000
0.000000 0.312941 -0.000000 1.000000
0.998904 0.044929 0.013149 0.000000
-0.046814 0.958689 0.280578 0.000000
-0.000000 -0.280886 0.959741 -0.000000
0.146175 -2.970297 -0.922454 1.000000
BoneName: mixamorig:Head
BoneImdex: 6
BoneParentIndex: 5
BoneChildCount: 3
7
8
9
1.000000 0.000000 -0.000000 0.000000
0.000000 1.000000 -0.000000 0.000000
-0.000000 -0.000000 1.000000 -0.000000
-0.000000 0.231890 0.000000 1.000000
0.998904 0.044929 0.013149 0.000000
-0.046814 0.958689 0.280578 0.000000
-0.000000 -0.280886 0.959741 -0.000000
0.146175 -3.202186 -0.922454 1.000000
BoneName: mixamorig:HeadTop_End
BoneImdex: 7
BoneParentIndex: 6
BoneChildCount: 0
1.000000 0.000000 -0.000000 0.000000
0.000000 1.000000 -0.000000 0.000000
-0.000000 -0.000000 1.000000 -0.000000
-0.016398 0.397774 0.003611 1.000000
0.998904 0.044929 0.013149 0.000000
-0.046814 0.958689 0.280578 0.000000
-0.000000 -0.280886 0.959741 -0.000000
0.162573 -3.599961 -0.926064 1.000000
BoneName: mixamorig:RightEye
BoneImdex: 8
BoneParentIndex: 6
BoneChildCount: 0
1.000000 0.000000 -0.000000 0.000000
0.000000 1.000000 -0.000000 0.000000
-0.000000 -0.000000 1.000000 -0.000000
-0.068815 0.201430 -0.112521 1.000000
0.998904 0.044929 0.013149 0.000000
-0.046814 0.958689 0.280578 0.000000
-0.000000 -0.280886 0.959741 -0.000000
0.214989 -3.403616 -0.809932 1.000000
BoneName: mixamorig:LeftEye
BoneImdex: 9
BoneParentIndex: 6
BoneChildCount: 0
1.000000 0.000000 -0.000000 0.000000
0.000000 1.000000 -0.000000 0.000000
-0.000000 -0.000000 1.000000 -0.000000
0.052954 0.210261 -0.113098 1.000000
0.998904 0.044929 0.013149 0.000000
-0.046814 0.958689 0.280578 0.000000
-0.000000 -0.280886 0.959741 -0.000000
0.093221 -3.412447 -0.809355 1.000000
BoneName: mixamorig:LeftShoulder
BoneImdex: 10
BoneParentIndex: 4
BoneChildCount: 1
11
-0.152335 -0.126049 0.980258 0.000000
0.987168 0.028659 0.157094 0.000000
-0.047895 0.991610 0.120066 -0.000000
0.126034 0.193137 -0.003592 1.000000
-0.152443 0.987873 -0.029463 0.000000
-0.004493 0.029118 0.999566 0.000000
0.988302 0.152510 0.000000 -0.000000
-0.028863 -0.218423 -2.986649 1.000000
BoneName: mixamorig:LeftArm
BoneImdex: 11
BoneParentIndex: 10
BoneChildCount: 1
12
0.988302 0.152509 -0.000000 0.000000
-0.152443 0.987873 -0.029464 0.000000
-0.004493 0.029119 0.999566 -0.000000
0.000000 0.265833 -0.000000 1.000000
0.000000 1.000000 0.000000 0.000000
0.000000 -0.000000 1.000000 0.000000
1.000000 -0.000000 -0.000000 -0.000000
-0.102379 -0.385986 -2.999323 1.000000
BoneName: mixamorig:LeftForeArm
BoneImdex: 12
BoneParentIndex: 11
BoneChildCount: 1
13
1.000000 0.000000 -0.000000 0.000000
0.000000 1.000000 -0.000000 0.000000
-0.000000 -0.000000 1.000000 -0.000000
0.000000 0.551277 -0.000000 1.000000
0.000000 1.000000 0.000000 0.000000
0.000000 -0.000000 1.000000 0.000000
1.000000 -0.000000 -0.000000 -0.000000
-0.102379 -0.937262 -2.999323 1.000000
BoneName: mixamorig:LeftHand
BoneImdex: 13
BoneParentIndex: 12
BoneChildCount: 5
14
18
22
26
30
1.000000 0.000000 -0.000000 0.000000
0.000000 1.000000 -0.000000 0.000000
-0.000000 -0.000000 1.000000 -0.000000
-0.000000 0.527733 0.000000 1.000000
0.000000 1.000000 0.000000 0.000000
0.000000 -0.000000 1.000000 0.000000
1.000000 -0.000000 -0.000000 -0.000000
-0.102379 -1.464996 -2.999323 1.000000
BoneName: mixamorig:LeftHandMiddle1
BoneImdex: 14
BoneParentIndex: 13
BoneChildCount: 1
15
1.000000 0.000000 -0.000000 0.000000
0.000000 1.000000 -0.000000 0.000000
-0.000000 -0.000000 1.000000 -0.000000
-0.000000 0.277446 -0.000000 1.000000
0.000000 1.000000 0.000000 0.000000
0.000000 -0.000000 1.000000 0.000000
1.000000 -0.000000 -0.000000 -0.000000
-0.102379 -1.742441 -2.999323 1.000000
BoneName: mixamorig:LeftHandMiddle2
BoneImdex: 15
BoneParentIndex: 14
BoneChildCount: 1
16
1.000000 0.000000 -0.000000 0.000000
0.000000 1.000000 -0.000000 0.000000
-0.000000 -0.000000 1.000000 -0.000000
-0.000000 0.069316 -0.000000 1.000000
0.000000 1.000000 0.000000 0.000000
0.000000 -0.000000 1.000000 0.000000
1.000000 -0.000000 -0.000000 -0.000000
-0.102379 -1.811758 -2.999323 1.000000
BoneName: mixamorig:LeftHandMiddle3
BoneImdex: 16
BoneParentIndex: 15
BoneChildCount: 1
17
1.000000 0.000000 -0.000000 0.000000
0.000000 1.000000 -0.000000 0.000000
-0.000000 -0.000000 1.000000 -0.000000
0.000000 0.068236 -0.000000 1.000000
0.000000 1.000000 0.000000 0.000000
0.000000 -0.000000 1.000000 0.000000
1.000000 -0.000000 -0.000000 -0.000000
-0.102379 -1.879994 -2.999323 1.000000
BoneName: mixamorig:LeftHandMiddle4
BoneImdex: 17
BoneParentIndex: 16
BoneChildCount: 0
1.000000 0.000000 -0.000000 0.000000
0.000000 1.000000 -0.000000 0.000000
-0.000000 -0.000000 1.000000 -0.000000
0.000000 0.073927 0.000000 1.000000
0.000000 1.000000 0.000000 0.000000
0.000000 -0.000000 1.000000 0.000000
1.000000 -0.000000 -0.000000 -0.000000
-0.102380 -1.953921 -2.999323 1.000000
BoneName: mixamorig:LeftHandThumb1
BoneImdex: 18
BoneParentIndex: 13
BoneChildCount: 1
19
0.894426 0.387301 -0.223607 0.000000
-0.447216 0.774597 -0.447212 0.000000
-0.000000 0.499998 0.866026 -0.000000
-0.061288 0.111231 -0.032915 1.000000
0.387300 0.774597 0.499999 0.000000
-0.223607 -0.447212 0.866026 0.000000
0.894426 -0.447215 -0.000000 -0.000000
0.016084 0.124049 -3.357099 1.000000
BoneName: mixamorig:LeftHandThumb2
BoneImdex: 19
BoneParentIndex: 18
BoneChildCount: 1
20
1.000000 0.000000 -0.000000 0.000000
0.000000 1.000000 -0.000000 0.000000
-0.000000 -0.000000 1.000000 -0.000000
0.000000 0.112243 -0.000000 1.000000
0.387300 0.774597 0.499999 0.000000
-0.223607 -0.447212 0.866026 0.000000
0.894426 -0.447215 -0.000000 -0.000000
0.016084 0.011806 -3.357099 1.000000
BoneName: mixamorig:LeftHandThumb3
BoneImdex: 20
BoneParentIndex: 19
BoneChildCount: 1
21
1.000000 0.000000 -0.000000 0.000000
0.000000 1.000000 -0.000000 0.000000
-0.000000 -0.000000 1.000000 -0.000000
-0.000000 0.089556 -0.000001 1.000000
0.387300 0.774597 0.499999 0.000000
-0.223607 -0.447212 0.866026 0.000000
0.894426 -0.447215 -0.000000 -0.000000
0.016084 -0.077750 -3.357098 1.000000
BoneName: mixamorig:LeftHandThumb4
BoneImdex: 21
BoneParentIndex: 20
BoneChildCount: 0
1.000000 0.000000 -0.000000 0.000000
0.000000 1.000000 -0.000000 0.000000
-0.000000 -0.000000 1.000000 -0.000000
0.000000 0.057945 -0.000000 1.000000
0.387300 0.774597 0.499999 0.000000
-0.223607 -0.447212 0.866026 0.000000
0.894426 -0.447215 -0.000000 -0.000000
0.016084 -0.135695 -3.357098 1.000000
BoneName: mixamorig:LeftHandIndex1
BoneImdex: 22
BoneParentIndex: 13
BoneChildCount: 1
23
1.000000 0.000000 -0.000000 0.000000
0.000000 1.000000 -0.000000 0.000000
-0.000000 -0.000000 1.000000 -0.000000
-0.051521 0.284902 -0.004547 1.000000
0.000000 1.000000 0.000000 0.000000
0.000000 -0.000000 1.000000 0.000000
1.000000 -0.000000 -0.000000 -0.000000
-0.050859 -1.749898 -2.994776 1.000000
BoneName: mixamorig:LeftHandIndex2
BoneImdex: 23
BoneParentIndex: 22
BoneChildCount: 1
24
1.000000 0.000000 -0.000000 0.000000
0.000000 1.000000 -0.000000 0.000000
-0.000000 -0.000000 1.000000 -0.000000
-0.000000 0.070629 0.000001 1.000000
0.000000 1.000000 0.000000 0.000000
0.000000 -0.000000 1.000000 0.000000
1.000000 -0.000000 -0.000000 -0.000000
-0.050859 -1.820526 -2.994776 1.000000
BoneName: mixamorig:LeftHandIndex3
BoneImdex: 24
BoneParentIndex: 23
BoneChildCount: 1
25
1.000000 0.000000 -0.000000 0.000000
0.000000 1.000000 -0.000000 0.000000
-0.000000 -0.000000 1.000000 -0.000000
-0.000000 0.064953 0.000000 1.000000
0.000000 1.000000 0.000000 0.000000
0.000000 -0.000000 1.000000 0.000000
1.000000 -0.000000 -0.000000 -0.000000
-0.050859 -1.885480 -2.994777 1.000000
BoneName: mixamorig:LeftHandIndex4
BoneImdex: 25
BoneParentIndex: 24
BoneChildCount: 0
1.000000 0.000000 -0.000000 0.000000
0.000000 1.000000 -0.000000 0.000000
-0.000000 -0.000000 1.000000 -0.000000
-0.000000 0.065934 -0.000000 1.000000
0.000000 1.000000 0.000000 0.000000
0.000000 -0.000000 1.000000 0.000000
1.000000 -0.000000 -0.000000 -0.000000
-0.050858 -1.951414 -2.994777 1.000000
BoneName: mixamorig:LeftHandRing1
BoneImdex: 26
BoneParentIndex: 13
BoneChildCount: 1
27
1.000000 0.000000 -0.000000 0.000000
0.000000 1.000000 -0.000000 0.000000
-0.000000 -0.000000 1.000000 -0.000000
0.042410 0.254841 0.000793 1.000000
0.000000 1.000000 0.000000 0.000000
0.000000 -0.000000 1.000000 0.000000
1.000000 -0.000000 -0.000000 -0.000000
-0.144790 -1.719837 -3.000116 1.000000
BoneName: mixamorig:LeftHandRing2
BoneImdex: 27
BoneParentIndex: 26
BoneChildCount: 1
28
1.000000 0.000000 -0.000000 0.000000
0.000000 1.000000 -0.000000 0.000000
-0.000000 -0.000000 1.000000 -0.000000
-0.000000 0.063098 -0.000000 1.000000
0.000000 1.000000 0.000000 0.000000
0.000000 -0.000000 1.000000 0.000000
1.000000 -0.000000 -0.000000 -0.000000
-0.144789 -1.782935 -3.000116 1.000000
BoneName: mixamorig:LeftHandRing3
BoneImdex: 28
BoneParentIndex: 27
BoneChildCount: 1
29
1.000000 0.000000 -0.000000 0.000000
0.000000 1.000000 -0.000000 0.000000
-0.000000 -0.000000 1.000000 -0.000000
0.000000 0.063595 0.000000 1.000000
0.000000 1.000000 0.000000 0.000000
0.000000 -0.000000 1.000000 0.000000
1.000000 -0.000000 -0.000000 -0.000000
-0.144789 -1.846530 -3.000116 1.000000
BoneName: mixamorig:LeftHandRing4
BoneImdex: 29
BoneParentIndex: 28
BoneChildCount: 0
1.000000 0.000000 -0.000000 0.000000
0.000000 1.000000 -0.000000 0.000000
-0.000000 -0.000000 1.000000 -0.000000
-0.000000 0.070378 -0.000000 1.000000
0.000000 1.000000 0.000000 0.000000
0.000000 -0.000000 1.000000 0.000000
1.000000 -0.000000 -0.000000 -0.000000
-0.144789 -1.916909 -3.000115 1.000000
BoneName: mixamorig:LeftHandPinky1
BoneImdex: 30
BoneParentIndex: 13
BoneChildCount: 1
31
1.000000 0.000000 -0.000000 0.000000
0.000000 1.000000 -0.000000 0.000000
-0.000000 -0.000000 1.000000 -0.000000
0.087809 0.219058 -0.004410 1.000000
0.000000 1.000000 0.000000 0.000000
0.000000 -0.000000 1.000000 0.000000
1.000000 -0.000000 -0.000000 -0.000000
-0.190189 -1.684054 -2.994913 1.000000
BoneName: mixamorig:LeftHandPinky2
BoneImdex: 31
BoneParentIndex: 30
BoneChildCount: 1
32
1.000000 0.000000 -0.000000 0.000000
0.000000 1.000000 -0.000000 0.000000
-0.000000 -0.000000 1.000000 -0.000000
-0.000000 0.065367 -0.000000 1.000000
0.000000 1.000000 0.000000 0.000000
0.000000 -0.000000 1.000000 0.000000
1.000000 -0.000000 -0.000000 -0.000000
-0.190189 -1.749421 -2.994913 1.000000
BoneName: mixamorig:LeftHandPinky3
BoneImdex: 32
BoneParentIndex: 31
BoneChildCount: 1
33
1.000000 0.000000 -0.000000 0.000000
0.000000 1.000000 -0.000000 0.000000
-0.000000 -0.000000 1.000000 -0.000000
-0.000000 0.041491 -0.000000 1.000000
0.000000 1.000000 0.000000 0.000000
0.000000 -0.000000 1.000000 0.000000
1.000000 -0.000000 -0.000000 -0.000000
-0.190188 -1.790912 -2.994913 1.000000
BoneName: mixamorig:LeftHandPinky4
BoneImdex: 33
BoneParentIndex: 32
BoneChildCount: 0
1.000000 0.000000 -0.000000 0.000000
0.000000 1.000000 -0.000000 0.000000
-0.000000 -0.000000 1.000000 -0.000000
0.000000 0.055635 -0.000000 1.000000
0.000000 1.000000 0.000000 0.000000
0.000000 -0.000000 1.000000 0.000000
1.000000 -0.000000 -0.000000 -0.000000
-0.190189 -1.846547 -2.994913 1.000000
BoneName: mixamorig:RightShoulder
BoneImdex: 34
BoneParentIndex: 4
BoneChildCount: 1
35
-0.201660 0.117545 -0.972377 0.000000
-0.979455 -0.025159 0.200086 0.000000
-0.000945 0.992749 0.120204 -0.000000
-0.129896 0.191034 0.001162 1.000000
-0.201629 -0.979306 0.017500 0.000000
0.003529 0.017140 0.999847 0.000000
-0.979456 0.201660 -0.000000 -0.000000
0.028145 -0.194598 -2.992009 1.000000
BoneName: mixamorig:RightArm
BoneImdex: 35
BoneParentIndex: 34
BoneChildCount: 1
36
0.979456 -0.201659 -0.000000 0.000000
0.201628 0.979306 -0.017500 0.000000
0.003529 0.017140 0.999847 -0.000000
-0.000000 0.268919 -0.000000 1.000000
0.000001 -1.000000 0.000000 0.000000
0.000000 0.000000 1.000000 0.000000
-1.000000 -0.000001 0.000000 -0.000000
0.121039 -0.395891 -2.999397 1.000000
BoneName: mixamorig:RightForeArm
BoneImdex: 36
BoneParentIndex: 35
BoneChildCount: 1
37
1.000000 0.000000 -0.000000 0.000000
0.000000 1.000000 -0.000000 0.000000
-0.000000 -0.000000 1.000000 -0.000000
-0.000000 0.558427 0.000000 1.000000
0.000001 -1.000000 0.000000 0.000000
0.000000 0.000000 1.000000 0.000000
-1.000000 -0.000001 0.000000 -0.000000
0.121040 -0.954317 -2.999397 1.000000
BoneName: mixamorig:RightHand
BoneImdex: 37
BoneParentIndex: 36
BoneChildCount: 5
38
42
46
50
54
1.000000 0.000000 -0.000000 0.000000
0.000000 1.000000 -0.000000 0.000000
-0.000000 -0.000000 1.000000 -0.000000
0.000000 0.503137 -0.000000 1.000000
0.000001 -1.000000 0.000000 0.000000
0.000000 0.000000 1.000000 0.000000
-1.000000 -0.000001 0.000000 -0.000000
0.121041 -1.457454 -2.999396 1.000000
BoneName: mixamorig:RightHandMiddle1
BoneImdex: 38
BoneParentIndex: 37
BoneChildCount: 1
39
1.000000 0.000000 -0.000000 0.000000
0.000000 1.000000 -0.000000 0.000000
-0.000000 -0.000000 1.000000 -0.000000
0.000000 0.260655 0.000000 1.000000
0.000001 -1.000000 0.000000 0.000000
0.000000 0.000000 1.000000 0.000000
-1.000000 -0.000001 0.000000 -0.000000
0.121041 -1.718110 -2.999397 1.000000
BoneName: mixamorig:RightHandMiddle2
BoneImdex: 39
BoneParentIndex: 38
BoneChildCount: 1
40
1.000000 0.000000 -0.000000 0.000000
0.000000 1.000000 -0.000000 0.000000
-0.000000 -0.000000 1.000000 -0.000000
0.000000 0.061600 -0.000000 1.000000
0.000001 -1.000000 0.000000 0.000000
0.000000 0.000000 1.000000 0.000000
-1.000000 -0.000001 0.000000 -0.000000
0.121041 -1.779709 -2.999397 1.000000
BoneName: mixamorig:RightHandMiddle3
BoneImdex: 40
BoneParentIndex: 39
BoneChildCount: 1
41
1.000000 0.000000 -0.000000 0.000000
0.000000 1.000000 -0.000000 0.000000
-0.000000 -0.000000 1.000000 -0.000000
0.000000 0.072791 -0.000000 1.000000
0.000001 -1.000000 0.000000 0.000000
0.000000 0.000000 1.000000 0.000000
-1.000000 -0.000001 0.000000 -0.000000
0.121040 -1.852500 -2.999397 1.000000
BoneName: mixamorig:RightHandMiddle4
BoneImdex: 41
BoneParentIndex: 40
BoneChildCount: 0
1.000000 0.000000 -0.000000 0.000000
0.000000 1.000000 -0.000000 0.000000
-0.000000 -0.000000 1.000000 -0.000000
-0.000000 0.074600 0.000000 1.000000
0.000001 -1.000000 0.000000 0.000000
0.000000 0.000000 1.000000 0.000000
-1.000000 -0.000001 0.000000 -0.000000
0.121041 -1.927100 -2.999397 1.000000
BoneName: mixamorig:RightHandThumb1
BoneImdex: 42
BoneParentIndex: 37
BoneChildCount: 1
43
0.894424 -0.387302 0.223611 0.000000
0.447219 0.774592 -0.447216 0.000000
0.000000 0.500004 0.866023 -0.000000
0.061571 0.095020 -0.039300 1.000000
0.387302 -0.774593 -0.500003 0.000000
0.223611 -0.447215 0.866023 0.000000
-0.894425 -0.447219 0.000000 -0.000000
-0.007443 0.147862 -3.339755 1.000000
BoneName: mixamorig:RightHandThumb2
BoneImdex: 43
BoneParentIndex: 42
BoneChildCount: 1
44
1.000000 0.000000 -0.000000 0.000000
0.000000 1.000000 -0.000000 0.000000
-0.000000 -0.000000 1.000000 -0.000000
-0.000000 0.103491 -0.000000 1.000000
0.387302 -0.774593 -0.500003 0.000000
0.223611 -0.447215 0.866023 0.000000
-0.894425 -0.447219 0.000000 -0.000000
-0.007443 0.044371 -3.339755 1.000000
BoneName: mixamorig:RightHandThumb3
BoneImdex: 44
BoneParentIndex: 43
BoneChildCount: 1
45
1.000000 0.000000 -0.000000 0.000000
0.000000 1.000000 -0.000000 0.000000
-0.000000 -0.000000 1.000000 -0.000000
-0.000000 0.085747 0.000000 1.000000
0.387302 -0.774593 -0.500003 0.000000
0.223611 -0.447215 0.866023 0.000000
-0.894425 -0.447219 0.000000 -0.000000
-0.007443 -0.041377 -3.339755 1.000000
BoneName: mixamorig:RightHandThumb4
BoneImdex: 45
BoneParentIndex: 44
BoneChildCount: 0
1.000000 0.000000 -0.000000 0.000000
0.000000 1.000000 -0.000000 0.000000
-0.000000 -0.000000 1.000000 -0.000000
-0.000000 0.061389 0.000001 1.000000
0.387302 -0.774593 -0.500003 0.000000
0.223611 -0.447215 0.866023 0.000000
-0.894425 -0.447219 0.000000 -0.000000
-0.007443 -0.102765 -3.339756 1.000000
BoneName: mixamorig:RightHandIndex1
BoneImdex: 46
BoneParentIndex: 37
BoneChildCount: 1
47
1.000000 0.000000 -0.000000 0.000000
0.000000 1.000000 -0.000000 0.000000
-0.000000 -0.000000 1.000000 -0.000000
0.051066 0.266030 -0.005463 1.000000
0.000001 -1.000000 0.000000 0.000000
0.000000 0.000000 1.000000 0.000000
-1.000000 -0.000001 0.000000 -0.000000
0.069975 -1.723485 -2.993933 1.000000
BoneName: mixamorig:RightHandIndex2
BoneImdex: 47
BoneParentIndex: 46
BoneChildCount: 1
48
1.000000 0.000000 -0.000000 0.000000
0.000000 1.000000 -0.000000 0.000000
-0.000000 -0.000000 1.000000 -0.000000
-0.000000 0.070921 -0.000000 1.000000
0.000001 -1.000000 0.000000 0.000000
0.000000 0.000000 1.000000 0.000000
-1.000000 -0.000001 0.000000 -0.000000
0.069975 -1.794406 -2.993933 1.000000
BoneName: mixamorig:RightHandIndex3
BoneImdex: 48
BoneParentIndex: 47
BoneChildCount: 1
49
1.000000 0.000000 -0.000000 0.000000
0.000000 1.000000 -0.000000 0.000000
-0.000000 -0.000000 1.000000 -0.000000
0.000000 0.074144 0.000000 1.000000
0.000001 -1.000000 0.000000 0.000000
0.000000 0.000000 1.000000 0.000000
-1.000000 -0.000001 0.000000 -0.000000
0.069975 -1.868550 -2.993933 1.000000
BoneName: mixamorig:RightHandIndex4
BoneImdex: 49
BoneParentIndex: 48
BoneChildCount: 0
1.000000 0.000000 -0.000000 0.000000
0.000000 1.000000 -0.000000 0.000000
-0.000000 -0.000000 1.000000 -0.000000
0.000000 0.055225 -0.000000 1.000000
0.000001 -1.000000 0.000000 0.000000
0.000000 0.000000 1.000000 0.000000
-1.000000 -0.000001 0.000000 -0.000000
0.069974 -1.923775 -2.993933 1.000000
BoneName: mixamorig:RightHandRing1
BoneImdex: 50
BoneParentIndex: 37
BoneChildCount: 1
51
1.000000 0.000000 -0.000000 0.000000
0.000000 1.000000 -0.000000 0.000000
-0.000000 -0.000000 1.000000 -0.000000
-0.039839 0.240872 0.000014 1.000000
0.000001 -1.000000 0.000000 0.000000
0.000000 0.000000 1.000000 0.000000
-1.000000 -0.000001 0.000000 -0.000000
0.160881 -1.698326 -2.999410 1.000000
BoneName: mixamorig:RightHandRing2
BoneImdex: 51
BoneParentIndex: 50
BoneChildCount: 1
52
1.000000 0.000000 -0.000000 0.000000
0.000000 1.000000 -0.000000 0.000000
-0.000000 -0.000000 1.000000 -0.000000
0.000000 0.068575 0.000000 1.000000
0.000001 -1.000000 0.000000 0.000000
0.000000 0.000000 1.000000 0.000000
-1.000000 -0.000001 0.000000 -0.000000
0.160881 -1.766901 -2.999410 1.000000
BoneName: mixamorig:RightHandRing3
BoneImdex: 52
BoneParentIndex: 51
BoneChildCount: 1
53
1.000000 0.000000 -0.000000 0.000000
0.000000 1.000000 -0.000000 0.000000
-0.000000 -0.000000 1.000000 -0.000000
0.000000 0.068355 -0.000000 1.000000
0.000001 -1.000000 0.000000 0.000000
0.000000 0.000000 1.000000 0.000000
-1.000000 -0.000001 0.000000 -0.000000
0.160880 -1.835256 -2.999410 1.000000
BoneName: mixamorig:RightHandRing4
BoneImdex: 53
BoneParentIndex: 52
BoneChildCount: 0
1.000000 0.000000 -0.000000 0.000000
0.000000 1.000000 -0.000000 0.000000
-0.000000 -0.000000 1.000000 -0.000000
0.000000 0.060172 0.000000 1.000000
0.000001 -1.000000 0.000000 0.000000
0.000000 0.000000 1.000000 0.000000
-1.000000 -0.000001 0.000000 -0.000000
0.160880 -1.895428 -2.999410 1.000000
BoneName: mixamorig:RightHandPinky1
BoneImdex: 54
BoneParentIndex: 37
BoneChildCount: 1
55
1.000000 0.000000 -0.000000 0.000000
0.000000 1.000000 -0.000000 0.000000
-0.000000 -0.000000 1.000000 -0.000000
-0.085411 0.209894 -0.004977 1.000000
0.000001 -1.000000 0.000000 0.000000
0.000000 0.000000 1.000000 0.000000
-1.000000 -0.000001 0.000000 -0.000000
0.206452 -1.667348 -2.994419 1.000000
BoneName: mixamorig:RightHandPinky2
BoneImdex: 55
BoneParentIndex: 54
BoneChildCount: 1
56
1.000000 0.000000 -0.000000 0.000000
0.000000 1.000000 -0.000000 0.000000
-0.000000 -0.000000 1.000000 -0.000000
0.000001 0.059396 -0.000000 1.000000
0.000001 -1.000000 0.000000 0.000000
0.000000 0.000000 1.000000 0.000000
-1.000000 -0.000001 0.000000 -0.000000
0.206452 -1.726743 -2.994419 1.000000
BoneName: mixamorig:RightHandPinky3
BoneImdex: 56
BoneParentIndex: 55
BoneChildCount: 1
57
1.000000 0.000000 -0.000000 0.000000
0.000000 1.000000 -0.000000 0.000000
-0.000000 -0.000000 1.000000 -0.000000
-0.000000 0.037647 0.000000 1.000000
0.000001 -1.000000 0.000000 0.000000
0.000000 0.000000 1.000000 0.000000
-1.000000 -0.000001 0.000000 -0.000000
0.206452 -1.764390 -2.994419 1.000000
BoneName: mixamorig:RightHandPinky4
BoneImdex: 57
BoneParentIndex: 56
BoneChildCount: 0
1.000000 0.000000 -0.000000 0.000000
0.000000 1.000000 -0.000000 0.000000
-0.000000 -0.000000 1.000000 -0.000000
0.000000 0.063705 -0.000001 1.000000
0.000001 -1.000000 0.000000 0.000000
0.000000 0.000000 1.000000 0.000000
-1.000000 -0.000001 0.000000 -0.000000
0.206452 -1.828095 -2.994418 1.000000
BoneName: mixamorig:LeftUpLeg
BoneImdex: 58
BoneParentIndex: 1
BoneChildCount: 1
59
-0.999989 0.004767 -0.000085 0.000000
-0.004768 -0.999832 0.017722 0.000000
0.000000 0.017723 0.999843 -0.000000
0.185244 -0.138385 -0.026620 1.000000
-0.999989 -0.004768 -0.000000 0.000000
0.004767 -0.999832 0.017723 0.000000
-0.000085 0.017722 0.999843 -0.000000
0.175510 1.953896 -0.022160 1.000000
BoneName: mixamorig:LeftLeg
BoneImdex: 59
BoneParentIndex: 58
BoneChildCount: 1
60
0.999950 0.010031 0.000223 0.000000
-0.010031 0.999049 0.042420 0.000000
0.000202 -0.042421 0.999100 -0.000000
-0.000000 0.852456 0.000000 1.000000
-0.999986 0.005268 -0.000000 0.000000
-0.005258 -0.998177 0.060121 0.000000
0.000317 0.060120 0.998191 -0.000000
0.186545 1.097692 -0.068828 1.000000
BoneName: mixamorig:LeftFoot
BoneImdex: 60
BoneParentIndex: 59
BoneChildCount: 1
61
0.996813 0.045700 -0.065387 0.000000
-0.079666 0.612960 -0.786088 0.000000
0.004155 0.788791 0.614647 -0.000000
-0.000000 0.855711 0.000000 1.000000
-0.996558 0.082894 0.000000 0.000000
-0.054789 -0.658684 -0.750422 0.000000
-0.062205 -0.747840 0.660959 -0.000000
0.201510 0.187568 0.149342 1.000000
BoneName: mixamorig:LeftToeBase
BoneImdex: 61
BoneParentIndex: 60
BoneChildCount: 1
62
0.995347 -0.095657 0.011594 0.000000
0.078696 0.737576 -0.670663 0.000000
0.055602 0.668455 0.741672 -0.000000
-0.000000 0.324812 0.000000 1.000000
-0.999851 -0.017285 -0.000000 0.000000
-0.000227 0.013139 -0.999914 0.000000
0.017283 -0.999764 -0.013141 -0.000000
0.215432 -0.185528 0.030225 1.000000
BoneName: mixamorig:LeftToe_End
BoneImdex: 62
BoneParentIndex: 61
BoneChildCount: 0
1.000000 0.000000 -0.000000 0.000000
0.000000 1.000000 -0.000000 0.000000
-0.000000 -0.000000 1.000000 -0.000000
0.000000 0.190648 -0.000000 1.000000
-0.999851 -0.017285 -0.000000 0.000000
-0.000227 0.013139 -0.999914 0.000000
0.017283 -0.999764 -0.013141 -0.000000
0.215432 -0.376176 0.030225 1.000000
BoneName: mixamorig:RightUpLeg
BoneImdex: 63
BoneParentIndex: 1
BoneChildCount: 1
64
-0.999979 -0.006475 -0.000077 0.000000
0.006476 -0.999909 -0.011821 0.000000
0.000000 -0.011822 0.999930 -0.000000
-0.184403 -0.144117 -0.001603 1.000000
-0.999979 0.006476 -0.000000 0.000000
-0.006475 -0.999909 -0.011822 0.000000
-0.000077 -0.011821 0.999930 -0.000000
-0.172208 1.948559 0.010461 1.000000
BoneName: mixamorig:RightLeg
BoneImdex: 64
BoneParentIndex: 63
BoneChildCount: 1
65
0.999910 -0.013411 -0.000502 0.000000
0.013412 0.997302 0.072175 0.000000
-0.000467 -0.072175 0.997392 -0.000000
-0.000000 0.848197 0.000000 1.000000
-0.999976 -0.006954 -0.000000 0.000000
0.006941 -0.998151 0.060381 0.000000
-0.000420 0.060380 0.998175 -0.000000
-0.186954 1.095839 -0.068905 1.000000
BoneName: mixamorig:RightFoot
BoneImdex: 65
BoneParentIndex: 64
BoneChildCount: 1
66
0.995798 -0.051193 0.075933 0.000000
0.091412 0.605643 -0.790468 0.000000
-0.005522 0.794088 0.607778 -0.000000
0.000000 0.854194 0.000000 1.000000
-0.995418 -0.095621 0.000000 0.000000
0.062595 -0.651618 -0.755960 0.000000
0.072285 -0.752496 0.654618 -0.000000
-0.203771 0.183728 0.151041 1.000000
BoneName: mixamorig:RightToeBase
BoneImdex: 66
BoneParentIndex: 65
BoneChildCount: 1
67
0.995727 -0.008569 0.091947 0.000000
0.067120 0.751000 -0.656882 0.000000
-0.063424 0.660247 0.748366 -0.000000
-0.000000 0.329812 -0.000000 1.000000
-0.990345 -0.138624 -0.000000 0.000000
-0.001597 0.011413 -0.999934 0.000000
0.138615 -0.990279 -0.011524 -0.000000
-0.187761 -0.222602 0.029506 1.000000
BoneName: mixamorig:RightToe_End
BoneImdex: 67
BoneParentIndex: 66
BoneChildCount: 0
1.000000 0.000000 -0.000000 0.000000
0.000000 1.000000 -0.000000 0.000000
-0.000000 -0.000000 1.000000 -0.000000
0.000000 0.197023 -0.000000 1.000000
-0.990345 -0.138624 -0.000000 0.000000
-0.001597 0.011413 -0.999934 0.000000
0.138615 -0.990279 -0.011524 -0.000000
-0.187761 -0.419626 0.029506 1.000000
BoneName: Shoes
BoneImdex: 68
BoneParentIndex: 0
BoneChildCount: 0
1.000000 0.000000 -0.000000 0.000000
0.000000 1.000000 -0.000000 0.000000
-0.000000 -0.000000 1.000000 -0.000000
0.000000 0.000000 -0.000000 1.000000
1.000000 0.000000 0.000000 0.000000
0.000000 1.000000 0.000000 0.000000
0.000000 0.000000 1.000000 0.000000
0.000000 0.000000 0.000000 1.000000
BoneName: Tops
BoneImdex: 69
BoneParentIndex: 0
BoneChildCount: 0
1.000000 0.000000 -0.000000 0.000000
0.000000 1.000000 -0.000000 0.000000
-0.000000 -0.000000 1.000000 -0.000000
0.000000 0.000000 -0.000000 1.000000
1.000000 0.000000 0.000000 0.000000
0.000000 1.000000 0.000000 0.000000
0.000000 0.000000 1.000000 0.000000
0.000000 0.000000 0.000000 1.000000
BoneName: Bottoms
BoneImdex: 70
BoneParentIndex: 0
BoneChildCount: 0
1.000000 0.000000 -0.000000 0.000000
0.000000 1.000000 -0.000000 0.000000
-0.000000 -0.000000 1.000000 -0.000000
0.000000 0.000000 -0.000000 1.000000
1.000000 0.000000 0.000000 0.000000
0.000000 1.000000 0.000000 0.000000
0.000000 0.000000 1.000000 0.000000
0.000000 0.000000 0.000000 1.000000
BoneName: Hair
BoneImdex: 71
BoneParentIndex: 0
BoneChildCount: 0
1.000000 0.000000 -0.000000 0.000000
0.000000 1.000000 -0.000000 0.000000
-0.000000 -0.000000 1.000000 -0.000000
0.000000 0.000000 -0.000000 1.000000
1.000000 0.000000 0.000000 0.000000
0.000000 1.000000 0.000000 0.000000
0.000000 0.000000 1.000000 0.000000
0.000000 0.000000 0.000000 1.000000
BoneName: Body
BoneImdex: 72
BoneParentIndex: 0
BoneChildCount: 0
1.000000 0.000000 -0.000000 0.000000
0.000000 1.000000 -0.000000 0.000000
-0.000000 -0.000000 1.000000 -0.000000
0.000000 0.000000 -0.000000 1.000000
1.000000 0.000000 0.000000 0.000000
0.000000 1.000000 0.000000 0.000000
0.000000 0.000000 1.000000 0.000000
0.000000 0.000000 0.000000 1.000000
BoneName: Eyelashes
BoneImdex: 73
BoneParentIndex: 0
BoneChildCount: 0
1.000000 0.000000 -0.000000 0.000000
0.000000 1.000000 -0.000000 0.000000
-0.000000 -0.000000 1.000000 -0.000000
0.000000 0.000000 -0.000000 1.000000
1.000000 0.000000 0.000000 0.000000
0.000000 1.000000 0.000000 0.000000
0.000000 0.000000 1.000000 0.000000
0.000000 0.000000 0.000000 1.000000
BoneName: Eyes
BoneImdex: 74
BoneParentIndex: 0
BoneChildCount: 0
1.000000 0.000000 -0.000000 0.000000
0.000000 1.000000 -0.000000 0.000000
-0.000000 -0.000000 1.000000 -0.000000
0.000000 0.000000 -0.000000 1.000000
1.000000 0.000000 0.000000 0.000000
0.000000 1.000000 0.000000 0.000000
0.000000 0.000000 1.000000 0.000000
0.000000 0.000000 0.000000 1.000000
